eval_loss = 0.22631516147161315
mcc = 0.9569359928234108
